%YAML:1.0
CameraExtrinsicMat: !!opencv-matrix
   rows: 4
   cols: 4
   dt: d
   data: [ 1.6100028908874187e-02, 1.4729739274764847e-01,
       9.8896120609398963e-01, 7.1070600895280145e-01,
       -9.9985773205637751e-01, -2.6043701971434352e-03,
       1.6665320367573400e-02, -2.3349739393366022e-02,
       5.0303793307297506e-03, -9.8908882075656968e-01,
       1.4723450661501769e-01, -3.1815435704534178e-01, 0., 0., 0., 1. ]
CameraMat: !!opencv-matrix
   rows: 3
   cols: 3
   dt: d
   data: [ 1.3418542631706748e+03, 0., 3.5844774941989658e+02, 0.,
       1.3633533700157413e+03, 2.2298273098324543e+02, 0., 0., 1. ]
DistCoeff: !!opencv-matrix
   rows: 1
   cols: 5
   dt: d
   data: [ 9.7388426101958039e-02, -1.4798811810985903e+00,
       -1.8136642223375680e-02, -6.6065762144425187e-03,
       4.5606590298897780e+00 ]
ImageSize: [ 800, 600 ]
ReprojectionError: 9.9056821055071453e-01
